sample	CNB (number of segments)	nb.altered.segments	size.amp	prop.amp	size.del	prop.del	ploidy	wholeGenomeDuplication	CN1	CN2	CN5	CN9	CN15	CN18	CN19
MESO_001_T	64	60	2.12E+09	0.686835	6.99E+08	0.226481	3.3	TRUE	0	64	0	0	0	0	0
MESO_002_T2	100	48	1.13E+08	0.036564	2.26E+08	0.073318	1.96	FALSE	39	0	0	46	0	15	0
MESO_003_T2	112	51	3.3E+08	0.108964	6E+08	0.197868	1.94	FALSE	25	0	0	0	0	0	85
MESO_006_T	96	43	2.72E+08	0.087982	6.5E+08	0.210409	1.9	FALSE	29	0	0	66	0	0	0
MESO_007_T	1612	1612	2.61E+09	0.861549	258000	8.51E-05	4.25	TRUE	0	0	416	0	0	1077	0
MESO_009_T	64	26	7.71E+08	0.249648	2070718	6.71E-04	2.34	FALSE	39	24	0	0	0	0	0
MESO_010_T	98	41	1.73E+08	0.05615	7.88E+08	0.25502	1.8	FALSE	33	0	0	65	0	0	0
MESO_011_T	90	37	2.29E+08	0.074262	3.24E+08	0.104923	1.96	FALSE	38	0	0	51	0	0	0
MESO_012_T	69	12	258000	8.51E-05	780000	2.57E-04	2	FALSE	41	0	0	0	0	0	27
MESO_013_T	123	48	55976895	0.018126	3.77E+08	0.122227	1.88	FALSE	28	0	0	44	0	0	51
MESO_014_T	143	137	2.25E+09	0.727372	47363415	0.015337	3.25	TRUE	0	53	34	0	0	50	0
MESO_015_T	94	39	7664985	0.002482	6.25E+08	0.202452	1.76	FALSE	37	0	0	56	0	0	0
MESO_017_T	165	83	1.95E+08	0.063058	3.63E+08	0.117544	1.94	FALSE	32	0	28	104	0	0	0
MESO_018_T	92	32	3121895	0.001011	5.28E+08	0.171079	1.82	FALSE	37	0	0	55	0	0	0
MESO_019_T	201	169	1.09E+09	0.35325	1.19E+08	0.038632	2.44	TRUE	0	33	0	63	86	0	0
MESO_020_T	120	43	1.09E+08	0.035424	2.19E+08	0.070949	1.98	FALSE	33	0	0	87	0	0	0
MESO_021_T	82	34	3E+08	0.09722	5.36E+08	0.173674	1.96	FALSE	35	0	0	47	0	0	0
MESO_022_T	107	42	3873895	0.001254	4.27E+08	0.138361	1.88	FALSE	37	0	0	70	0	0	0
MESO_023_T	101	44	3.1E+08	0.100259	4.13E+08	0.133615	1.96	FALSE	37	0	0	64	0	0	0
MESO_024_T	150	138	2.07E+09	0.668716	57663906	0.018672	3.2	TRUE	0	45	26	0	0	78	0
MESO_025_T	162	76	99205721	0.032123	4E+08	0.12937	1.86	FALSE	30	0	0	132	0	0	0
MESO_026_T	81	32	4.81E+08	0.15569	3.83E+08	0.124138	2.04	FALSE	34	0	0	47	0	0	0
MESO_027_T	108	38	1.88E+08	0.061002	2.46E+08	0.079623	2.02	FALSE	37	0	0	71	0	0	0
MESO_028_T	113	49	1.02E+08	0.033649	5.21E+08	0.172002	1.86	FALSE	34	0	0	79	0	0	0
MESO_029_T	117	54	3.45E+08	0.111718	2.25E+08	0.07289	2.06	FALSE	34	0	0	83	0	0	0
MESO_030_T	84	41	3.31E+08	0.109041	9.01E+08	0.297167	1.82	FALSE	36	0	0	48	0	0	0
MESO_031_T	77	36	43793404	0.014181	7.81E+08	0.252881	1.78	FALSE	38	0	0	38	0	0	0
MESO_032_T	120	45	29894057	0.009863	4.19E+08	0.138304	1.86	FALSE	39	0	0	80	0	0	0
MESO_033_T	96	31	5257882	0.001735	1.71E+08	0.05647	1.96	FALSE	45	0	0	0	0	0	50
MESO_034_T	97	30	12260058	0.00397	1.77E+08	0.057399	1.94	FALSE	45	0	0	0	0	0	51
MESO_035_T	343	151	1.66E+08	0.054623	9.77E+08	0.322419	1.8	FALSE	0	0	0	337	0	0	0
MESO_037_T	106	56	3.17E+08	0.102682	5.83E+08	0.188937	1.94	FALSE	35	0	0	71	0	0	0
MESO_038_T	121	65	41445062	0.01342	1.03E+09	0.332697	1.64	FALSE	32	0	0	86	0	0	0
MESO_039_T	129	51	6465575	0.002094	4.85E+08	0.157059	1.8	FALSE	33	0	0	94	0	0	0
MESO_040_T	121	53	2.41E+08	0.077945	6.31E+08	0.204267	1.86	FALSE	38	0	0	83	0	0	0
MESO_041_T1	93	34	0	0	5.4E+08	0.174791	1.8	FALSE	38	0	0	53	0	0	0
MESO_042_T1	65	15	3.71E+08	0.12025	1.51E+08	0.048821	2.1	FALSE	34	0	0	31	0	0	0
MESO_043_T	52	3	0	0	41592000	0.013722	1.98	FALSE	52	0	0	0	0	0	0
MESO_044_T	102	34	1.92E+08	0.062077	90271000	0.02923	2.02	FALSE	36	0	0	0	0	0	61
MESO_045_T	82	33	1.81E+08	0.058745	3.02E+08	0.097803	1.94	FALSE	40	0	0	40	0	0	0
MESO_046_T	141	77	73367000	0.023757	7.99E+08	0.258696	1.76	FALSE	29	0	0	112	0	0	0
MESO_047_T	64	6	1110000	3.59E-04	534000	1.73E-04	1.98	FALSE	36	0	0	0	0	0	27
MESO_048_T1	80	36	1.25E+08	0.040319	6.87E+08	0.222545	1.82	FALSE	36	0	0	42	0	0	0
MESO_049_T	62	13	15194056	0.00492	3.04E+08	0.098526	1.86	FALSE	45	0	0	0	0	0	17
MESO_050_T	48	0	0	0	0	0	2	FALSE	48	0	0	0	0	0	0
MESO_051_T	116	49	93669704	0.030331	7.65E+08	0.247813	1.76	FALSE	29	0	0	86	0	0	0
MESO_052_T2	191	99	99128761	0.032705	5.88E+08	0.194121	1.84	FALSE	26	0	0	165	0	0	0
MESO_053_T	209	103	1.29E+08	0.041704	5.52E+08	0.178601	1.76	FALSE	22	0	0	185	0	0	0
MESO_054_T	77	23	0	0	5.77E+08	0.186841	1.8	FALSE	33	0	0	44	0	0	0
MESO_055_T	65	9	0	0	30000	9.71E-06	2	FALSE	39	0	0	0	0	0	25
MESO_056_T2	97	33	681000	2.21E-04	5.34E+08	0.172774	1.82	FALSE	36	0	0	61	0	0	0
MESO_057_T2	97	50	2.22E+08	0.071731	9.63E+08	0.311705	1.74	FALSE	35	0	0	62	0	0	0
MESO_058_T2	46	0	0	0	0	0	2	FALSE	46	0	0	0	0	0	0
MESO_059_T1	46	0	0	0	0	0	2	FALSE	46	0	0	0	0	0	0
MESO_060_T	59	7	0	0	1.32E+08	0.042814	1.94	FALSE	40	0	0	0	0	0	19
MESO_061_T	107	64	3.97E+08	0.128406	6.41E+08	0.207481	1.94	FALSE	30	0	0	77	0	0	0
MESO_062_T2	80	25	98476636	0.032489	4.07E+08	0.13421	1.9	FALSE	36	0	0	43	0	0	0
MESO_063_T	116	111	2.86E+09	0.927218	47767529	0.015467	3.85	TRUE	0	53	0	0	59	0	0
MESO_064_T	146	70	98883748	0.032019	9.48E+08	0.307115	1.7	FALSE	24	0	0	122	0	0	0
MESO_065_T	67	17	98584630	0.032525	2.94E+08	0.096913	1.92	FALSE	35	0	0	32	0	0	0
MESO_066_T	74	25	40676000	0.013171	3.92E+08	0.126987	1.9	FALSE	41	0	0	33	0	0	0
MESO_067_T	67	19	1E+08	0.033023	1.82E+08	0.060168	2	FALSE	44	0	0	0	0	0	23
MESO_068_T	113	45	31369313	0.010158	5.47E+08	0.177284	1.82	FALSE	32	0	0	81	0	0	0
MESO_069_T	176	41	2.12E+08	0.068695	2.64E+08	0.085425	2.06	FALSE	0	0	0	82	0	0	92
MESO_070_T	102	54	91700779	0.030254	5.27E+08	0.173726	1.86	FALSE	39	0	0	63	0	0	0
MESO_071_T	98	44	1.81E+08	0.0586	1.02E+09	0.329912	1.72	FALSE	28	0	0	69	0	0	0
MESO_072_T	91	31	19287851	0.006246	3.36E+08	0.108957	1.88	FALSE	39	0	0	52	0	0	0
MESO_073_T	83	46	2.62E+08	0.086449	1.03E+09	0.338638	1.8	FALSE	35	0	0	48	0	0	0
MESO_074_T	87	32	62466478	0.020609	6.23E+08	0.205658	1.82	FALSE	37	0	0	49	0	0	0
MESO_075_T	120	120	3.03E+09	0.998258	0	0	3.3	TRUE	0	59	0	0	0	51	0
MESO_076_T	48	0	0	0	0	0	2	FALSE	48	0	0	0	0	0	0
MESO_077_T	71	53	1.97E+09	0.637631	32105829	0.010396	3.75	TRUE	26	44	0	0	0	0	0
MESO_078_T	167	92	2.34E+08	0.075639	8.07E+08	0.261159	1.82	FALSE	27	0	0	139	0	0	0
MESO_079_T	127	63	1.22E+08	0.039453	4.33E+08	0.140083	1.92	FALSE	34	0	33	58	0	0	0
MESO_080_T	106	47	92905185	0.030083	6.44E+08	0.208381	1.82	FALSE	38	0	0	68	0	0	0
MESO_081_T	64	25	13018000	0.004295	6.43E+08	0.212211	1.74	FALSE	44	0	0	0	0	0	20
MESO_082_T	105	39	4538895	0.00147	5.1E+08	0.165249	1.76	FALSE	35	0	0	70	0	0	0
MESO_083_T	126	121	1.98E+09	0.639889	64779906	0.020976	3.35	TRUE	0	44	0	0	79	0	0
MESO_084_T	95	28	4548404	0.001473	2.49E+08	0.080485	1.92	FALSE	39	0	0	56	0	0	0
MESO_085_T	71	50	1.11E+09	0.359889	1.72E+08	0.055593	2.54	TRUE	15	40	0	0	0	0	16
MESO_086_T	78	18	1431000	4.72E-04	3.5E+08	0.115328	1.88	FALSE	43	0	0	0	0	0	34
MESO_087_T	177	102	1.78E+08	0.058604	8.1E+08	0.267168	1.82	FALSE	31	0	0	146	0	0	0
MESO_088_T	138	75	31286014	0.010131	1.12E+09	0.36333	1.64	FALSE	20	0	0	88	0	0	30
MESO_089_T	167	57	2.76E+08	0.089219	2.64E+08	0.085478	2.1	FALSE	27	0	0	82	0	0	52
MESO_090_T	48	0	0	0	0	0	2.02	FALSE	48	0	0	0	0	0	0
MESO_091_T	74	22	4438404	0.001437	4.69E+08	0.152001	1.86	FALSE	44	0	0	30	0	0	0
MESO_092_T	112	97	2.09E+09	0.678373	1.03E+08	0.033491	3.05	TRUE	0	49	0	0	40	0	22
MESO_093_T	89	54	7.6E+08	0.250709	2.41E+08	0.079369	2.3	FALSE	24	15	0	18	27	0	0
MESO_094_T1	112	51	53033454	0.017173	6.75E+08	0.218579	1.82	FALSE	38	0	0	73	0	0	0
MESO_095_T	122	58	5776404	0.00187	9.14E+08	0.295828	1.68	FALSE	30	0	0	92	0	0	0
MESO_097_T	112	49	93303062	0.030212	3.27E+08	0.105974	1.94	FALSE	35	0	25	51	0	0	0
MESO_098_T	131	124	2.64E+09	0.856172	85463415	0.027674	3.3	TRUE	0	56	0	0	72	0	0
MESO_099_T	214	111	2.49E+08	0.080682	4.52E+08	0.146308	1.98	FALSE	25	0	66	122	0	0	0
MESO_100_T	158	158	2.85E+09	0.923405	64940906	0.021028	3.95	TRUE	0	56	0	0	100	0	0
MESO_101_T	147	65	60285748	0.019521	5.43E+08	0.175736	1.88	FALSE	32	0	0	115	0	0	0
MESO_102_T	184	183	2.2E+09	0.713357	5648000	0.001829	3.45	TRUE	0	47	35	0	101	0	0
MESO_104_T	111	109	2.59E+09	0.85514	277000	9.14E-05	3.5	TRUE	0	44	0	0	64	0	0
MESO_105_T	100	39	56783748	0.018387	5.65E+08	0.182878	1.88	FALSE	33	0	0	67	0	0	0
MESO_106_T	53	3	0	0	568000	1.87E-04	2	FALSE	37	0	0	0	0	0	16
MESO_107_T	675	657	2.64E+09	0.870736	4609000	0.001521	3.4	TRUE	0	0	0	0	0	630	0
MESO_108_T	68	64	48540853	0.016015	2.67E+09	0.882447	1.1	FALSE	0	0	0	68	0	0	0
MESO_109_T	102	40	2.92E+08	0.09439	1.62E+08	0.052386	2.06	FALSE	40	0	0	62	0	0	0
MESO_110_T	72	21	1.8E+08	0.058175	1.4E+08	0.045337	2.04	FALSE	39	0	0	0	0	0	33
MESO_111_T	196	117	4.81E+08	0.15856	4.15E+08	0.136792	2.24	FALSE	21	0	0	142	33	0	0
MESO_112_T	155	147	2.43E+09	0.785568	517000	1.67E-04	3.3	TRUE	0	54	0	0	43	53	0
MESO_113_T	189	86	61577200	0.019939	3.62E+08	0.117057	1.9	FALSE	30	0	56	103	0	0	0
MESO_116_T	110	46	1.28E+08	0.041583	5.59E+08	0.181081	1.84	FALSE	31	0	0	79	0	0	0
MESO_117_T	65	15	6454000	0.002129	2.3E+08	0.075873	1.98	FALSE	43	0	0	0	0	0	22
MESO_118_T	186	90	38561838	0.012487	5.7E+08	0.18456	1.74	FALSE	28	0	0	158	0	0	0
MESO_119_T	166	68	51267084	0.016601	4.73E+08	0.1532	1.84	FALSE	29	0	0	137	0	0	0
MESO_120_T	149	69	8517461	0.002758	7.95E+08	0.257511	1.74	FALSE	27	0	0	122	0	0	0
MESO_121_T	113	46	4576895	0.001482	8.55E+08	0.276861	1.72	FALSE	29	0	0	83	0	0	0
MESO_122_T	108	46	37757441	0.012457	4.41E+08	0.14559	1.88	FALSE	37	0	0	69	0	0	0
MESO_123_T	96	48	1.34E+08	0.04329	6.86E+08	0.221982	1.82	FALSE	36	0	0	60	0	0	0
MESO_124_T	109	47	17046404	0.005624	2.95E+08	0.097183	1.9	FALSE	40	0	0	69	0	0	0
